0	0	0	-7000	
0	0	2	-7000	
0	0	4	-7000	
0	0	6	-7000	
0	0	8	-6999.99	
0	0	10	-6999.99	
0	0	12	-6999.98	
0	0	14	-6999.97	
0	0	16	-6999.96	
0	0	18	-6999.95	
0	0	20	-6999.94	
0	0	21.9999	-6999.92	
0	0	23.9999	-6999.91	
0	0	25.9999	-6999.89	
0	0	27.9998	-6999.87	
0	0	29.9998	-6999.85	
0	0	31.9998	-6999.83	
0	0	33.9997	-6999.81	
0	0	35.9997	-6999.78	
0	0	37.9996	-6999.76	
0	0	39.9995	-6999.73	
0	0	41.9995	-6999.7	
0	0	43.9994	-6999.67	
0	0	45.9993	-6999.64	
0	0	47.9992	-6999.61	
0	0	49.9991	-6999.57	
0	0	51.9989	-6999.54	
0	0	53.9988	-6999.5	
0	0	55.9987	-6999.46	
0	0	57.9985	-6999.42	
0	0	59.9983	-6999.38	
0	0	61.9982	-6999.34	
0	0	63.998	-6999.29	
0	0	65.9978	-6999.25	
0	0	67.9976	-6999.2	
0	0	69.9973	-6999.15	
0	0	71.9971	-6999.1	
0	0	73.9968	-6999.05	
0	0	75.9966	-6999	
0	0	77.9963	-6998.94	
0	0	79.996	-6998.89	
0	0	81.9956	-6998.83	
0	0	83.9953	-6998.77	
0	0	85.9949	-6998.71	
0	0	87.9946	-6998.65	
0	0	89.9942	-6998.59	
0	0	91.9938	-6998.52	
0	0	93.9934	-6998.46	
0	0	95.9929	-6998.39	
0	0	97.9925	-6998.32	
0	0	99.992	-6998.25	
0	0	101.991	-6998.18	
0	0	103.991	-6998.11	
0	0	105.99	-6998.03	
0	0	107.99	-6997.96	
0	0	109.989	-6997.88	
0	0	111.989	-6997.8	
0	0	113.988	-6997.72	
0	0	115.987	-6997.64	
0	0	117.987	-6997.56	
0	0	119.986	-6997.47	
0	0	121.985	-6997.38	
0	0	123.985	-6997.3	
0	0	125.984	-6997.21	
0	0	127.983	-6997.12	
0	0	129.982	-6997.03	
0	0	131.981	-6996.94	
0	0	133.98	-6996.84	
0	0	135.98	-6996.75	
0	0	137.979	-6996.65	
0	0	139.978	-6996.55	
0	0	141.977	-6996.45	
0	0	143.976	-6996.35	
0	0	145.975	-6996.25	
0	0	147.974	-6996.14	
0	0	149.972	-6996.03	
0	0	151.971	-6995.93	
0	0	153.97	-6995.82	
0	0	155.969	-6995.71	
0	0	157.968	-6995.6	
0	0	159.966	-6995.49	
0	0	161.965	-6995.37	
0	0	163.964	-6995.26	
0	0	165.963	-6995.14	
0	0	167.961	-6995.02	
0	0	169.96	-6994.9	
0	0	171.958	-6994.78	
0	0	173.957	-6994.65	
0	0	175.955	-6994.53	
0	0	177.954	-6994.4	
0	0	179.952	-6994.28	
0	0	181.95	-6994.15	
0	0	183.949	-6994.02	
0	0	185.947	-6993.89	
0	0	187.945	-6993.75	
0	0	189.943	-6993.62	
0	0	191.942	-6993.48	
0	0	193.94	-6993.35	
0	0	195.938	-6993.21	
0	0	197.936	-6993.07	
0	0	199.934	-6992.93	
0	0	201.932	-6992.78	
0	0	203.93	-6992.64	
0	0	205.928	-6992.49	
0	0	207.926	-6992.35	
0	0	209.923	-6992.2	
0	0	211.921	-6992.05	
0	0	213.919	-6991.9	
0	0	215.917	-6991.74	
0	0	217.914	-6991.59	
0	0	219.912	-6991.43	
0	0	221.909	-6991.28	
0	0	223.907	-6991.12	
0	0	225.904	-6990.96	
0	0	227.902	-6990.8	
0	0	229.899	-6990.63	
0	0	231.896	-6990.47	
0	0	233.894	-6990.3	
0	0	235.891	-6990.14	
0	0	237.888	-6989.97	
0	0	239.885	-6989.8	
0	0	241.882	-6989.63	
0	0	243.879	-6989.45	
0	0	245.876	-6989.28	
0	0	247.873	-6989.1	
0	0	249.87	-6988.93	
0	0	251.867	-6988.75	
0	0	253.864	-6988.57	
0	0	255.861	-6988.39	
0	0	257.857	-6988.2	
0	0	259.854	-6988.02	
0	0	261.85	-6987.83	
0	0	263.847	-6987.64	
0	0	265.843	-6987.46	
0	0	267.84	-6987.27	
0	0	269.836	-6987.07	
0	0	271.832	-6986.88	
0	0	273.829	-6986.69	
0	0	275.825	-6986.49	
0	0	277.821	-6986.29	
0	0	279.817	-6986.1	
0	0	281.813	-6985.9	
0	0	283.809	-6985.69	
0	0	285.805	-6985.49	
0	0	287.801	-6985.29	
0	0	289.797	-6985.08	
0	0	291.792	-6984.87	
0	0	293.788	-6984.66	
0	0	295.784	-6984.45	
0	0	297.779	-6984.24	
0	0	299.775	-6984.03	
0	0	301.77	-6983.82	
0	0	303.766	-6983.6	
0	0	305.761	-6983.38	
0	0	307.756	-6983.16	
0	0	309.751	-6982.94	
0	0	311.746	-6982.72	
0	0	313.741	-6982.5	
0	0	315.736	-6982.27	
0	0	317.731	-6982.05	
0	0	319.726	-6981.82	
0	0	321.721	-6981.59	
0	0	323.716	-6981.36	
0	0	325.71	-6981.13	
0	0	327.705	-6980.9	
0	0	329.7	-6980.66	
0	0	331.694	-6980.43	
0	0	333.688	-6980.19	
0	0	335.683	-6979.95	
0	0	337.677	-6979.71	
0	0	339.671	-6979.47	
0	0	341.665	-6979.23	
0	0	343.659	-6978.98	
0	0	345.653	-6978.74	
0	0	347.647	-6978.49	
0	0	349.641	-6978.24	
0	0	351.635	-6977.99	
0	0	353.629	-6977.74	
0	0	355.622	-6977.49	
0	0	357.616	-6977.23	
0	0	359.609	-6976.98	
0	0	361.603	-6976.72	
0	0	363.596	-6976.46	
0	0	365.589	-6976.2	
0	0	367.582	-6975.94	
0	0	369.576	-6975.67	
0	0	371.569	-6975.41	
0	0	373.562	-6975.14	
0	0	375.554	-6974.88	
0	0	377.547	-6974.61	
0	0	379.54	-6974.34	
0	0	381.533	-6974.07	
0	0	383.525	-6973.79	
0	0	385.518	-6973.52	
0	0	387.51	-6973.24	
0	0	389.502	-6972.96	
0	0	391.495	-6972.69	
0	0	393.487	-6972.41	
0	0	395.479	-6972.12	
0	0	397.471	-6971.84	
0	0	399.463	-6971.56	
0	0	401.455	-6971.27	
0	0	403.447	-6970.98	
0	0	405.438	-6970.69	
0	0	407.43	-6970.4	
0	0	409.421	-6970.11	
0	0	411.413	-6969.82	
0	0	413.404	-6969.52	
0	0	415.395	-6969.23	
0	0	417.387	-6968.93	
0	0	419.378	-6968.63	
0	0	421.369	-6968.33	
0	0	423.36	-6968.03	
0	0	425.35	-6967.73	
0	0	427.341	-6967.42	
0	0	429.332	-6967.12	
0	0	431.322	-6966.81	
0	0	433.313	-6966.5	
0	0	435.303	-6966.19	
0	0	437.294	-6965.88	
0	0	439.284	-6965.56	
0	0	441.274	-6965.25	
0	0	443.264	-6964.93	
0	0	445.254	-6964.61	
0	0	447.244	-6964.3	
0	0	449.234	-6963.98	
0	0	451.223	-6963.65	
0	0	453.213	-6963.33	
0	0	455.202	-6963.01	
0	0	457.192	-6962.68	
0	0	459.181	-6962.35	
0	0	461.17	-6962.02	
0	0	463.159	-6961.69	
0	0	465.148	-6961.36	
0	0	467.137	-6961.03	
0	0	469.126	-6960.69	
0	0	471.115	-6960.36	
0	0	473.104	-6960.02	
0	0	475.092	-6959.68	
0	0	477.081	-6959.34	
0	0	479.069	-6959	
0	0	481.057	-6958.65	
0	0	483.045	-6958.31	
0	0	485.033	-6957.96	
0	0	487.021	-6957.62	
0	0	489.009	-6957.27	
0	0	490.997	-6956.92	
0	0	492.985	-6956.56	
0	0	494.972	-6956.21	
0	0	496.96	-6955.85	
0	0	498.947	-6955.5	
0	0	500.934	-6955.14	
0	0	502.921	-6954.78	
0	0	504.908	-6954.42	
0	0	506.895	-6954.06	
0	0	508.882	-6953.7	
0	0	510.869	-6953.33	
0	0	512.855	-6952.96	
0	0	514.842	-6952.6	
0	0	516.828	-6952.23	
0	0	518.815	-6951.86	
0	0	520.801	-6951.48	
0	0	522.787	-6951.11	
0	0	524.773	-6950.74	
0	0	526.759	-6950.36	
0	0	528.744	-6949.98	
0	0	530.73	-6949.6	
0	0	532.716	-6949.22	
0	0	534.701	-6948.84	
0	0	536.686	-6948.46	
0	0	538.672	-6948.07	
0	0	540.657	-6947.68	
0	0	542.642	-6947.3	
0	0	544.626	-6946.91	
0	0	546.611	-6946.52	
0	0	548.596	-6946.12	
0	0	550.58	-6945.73	
0	0	552.565	-6945.34	
0	0	554.549	-6944.94	
0	0	556.533	-6944.54	
0	0	558.517	-6944.14	
0	0	560.501	-6943.74	
0	0	562.485	-6943.34	
0	0	564.469	-6942.94	
0	0	566.453	-6942.53	
0	0	568.436	-6942.12	
0	0	570.419	-6941.71	
0	0	572.403	-6941.31	
0	0	574.386	-6940.89	
0	0	576.369	-6940.48	
0	0	578.352	-6940.07	
0	0	580.335	-6939.65	
0	0	582.317	-6939.24	
0	0	584.3	-6938.82	
0	0	586.282	-6938.4	
0	0	588.265	-6937.98	
0	0	590.247	-6937.56	
0	0	592.229	-6937.13	
0	0	594.211	-6936.71	
0	0	596.193	-6936.28	
0	0	598.174	-6935.85	
0	0	600.156	-6935.42	
0	0	602.137	-6934.99	
0	0	604.119	-6934.56	
0	0	606.1	-6934.12	
0	0	608.081	-6933.69	
0	0	610.062	-6933.25	
0	0	612.043	-6932.81	
0	0	614.023	-6932.37	
0	0	616.004	-6931.93	
0	0	617.984	-6931.49	
0	0	619.965	-6931.05	
0	0	621.945	-6930.6	
0	0	623.925	-6930.15	
0	0	625.905	-6929.71	
0	0	627.885	-6929.26	
0	0	629.864	-6928.81	
0	0	631.844	-6928.35	
0	0	633.823	-6927.9	
0	0	635.802	-6927.44	
0	0	637.782	-6926.99	
0	0	639.761	-6926.53	
0	0	641.74	-6926.07	
0	0	643.718	-6925.61	
0	0	645.697	-6925.14	
0	0	647.675	-6924.68	
0	0	649.654	-6924.21	
0	0	651.632	-6923.75	
0	0	653.61	-6923.28	
0	0	655.588	-6922.81	
0	0	657.566	-6922.34	
0	0	659.543	-6921.86	
0	0	661.521	-6921.39	
0	0	663.498	-6920.91	
0	0	665.476	-6920.44	
0	0	667.453	-6919.96	
0	0	669.43	-6919.48	
0	0	671.406	-6919	
0	0	673.383	-6918.51	
0	0	675.36	-6918.03	
0	0	677.336	-6917.54	
0	0	679.312	-6917.06	
0	0	681.289	-6916.57	
0	0	683.265	-6916.08	
0	0	685.24	-6915.59	
0	0	687.216	-6915.09	
0	0	689.192	-6914.6	
0	0	691.167	-6914.1	
0	0	693.142	-6913.6	
0	0	695.117	-6913.11	
0	0	697.092	-6912.61	
0	0	699.067	-6912.1	
0	0	701.042	-6911.6	
0	0	703.017	-6911.1	
0	0	704.991	-6910.59	
0	0	706.965	-6910.08	
0	0	708.939	-6909.58	
0	0	710.913	-6909.07	
0	0	712.887	-6908.55	
0	0	714.861	-6908.04	
0	0	716.834	-6907.53	
0	0	718.808	-6907.01	
0	0	720.781	-6906.49	
0	0	722.754	-6905.97	
0	0	724.727	-6905.45	
0	0	726.7	-6904.93	
0	0	728.672	-6904.41	
0	0	730.645	-6903.88	
0	0	732.617	-6903.36	
0	0	734.589	-6902.83	
0	0	736.561	-6902.3	
0	0	738.533	-6901.77	
0	0	740.505	-6901.24	
0	0	742.476	-6900.7	
0	0	744.448	-6900.17	
0	0	746.419	-6899.63	
0	0	748.39	-6899.09	
0	0	750.361	-6898.56	
0	0	752.332	-6898.02	
0	0	754.302	-6897.47	
0	0	756.273	-6896.93	
0	0	758.243	-6896.38	
0	0	760.213	-6895.84	
0	0	762.183	-6895.29	
0	0	764.153	-6894.74	
0	0	766.123	-6894.19	
0	0	768.092	-6893.64	
0	0	770.061	-6893.08	
0	0	772.031	-6892.53	
0	0	774	-6891.97	
0	0	775.968	-6891.41	
0	0	777.937	-6890.85	
0	0	779.906	-6890.29	
0	0	781.874	-6889.73	
0	0	783.842	-6889.17	
0	0	785.81	-6888.6	
0	0	787.778	-6888.04	
0	0	789.746	-6887.47	
0	0	791.713	-6886.9	
0	0	793.681	-6886.33	
0	0	795.648	-6885.75	
0	0	797.615	-6885.18	
0	0	799.582	-6884.61	
0	0	801.549	-6884.03	
0	0	803.515	-6883.45	
0	0	805.481	-6882.87	
0	0	807.448	-6882.29	
0	0	809.414	-6881.71	
0	0	811.38	-6881.12	
0	0	813.345	-6880.54	
0	0	815.311	-6879.95	
0	0	817.276	-6879.36	
0	0	819.241	-6878.77	
0	0	821.206	-6878.18	
0	0	823.171	-6877.59	
0	0	825.136	-6877	
0	0	827.1	-6876.4	
0	0	829.065	-6875.8	
0	0	831.029	-6875.2	
0	0	832.993	-6874.6	
0	0	834.956	-6874	
0	0	836.92	-6873.4	
0	0	838.883	-6872.79	
0	0	840.847	-6872.19	
0	0	842.81	-6871.58	
0	0	844.773	-6870.97	
0	0	846.735	-6870.36	
0	0	848.698	-6869.75	
0	0	850.66	-6869.14	
0	0	852.622	-6868.52	
0	0	854.584	-6867.91	
0	0	856.546	-6867.29	
0	0	858.508	-6866.67	
0	0	860.469	-6866.05	
0	0	862.431	-6865.43	
0	0	864.392	-6864.81	
0	0	866.353	-6864.18	
0	0	868.314	-6863.56	
0	0	870.274	-6862.93	
0	0	872.235	-6862.3	
0	0	874.195	-6861.67	
0	0	876.155	-6861.04	
0	0	878.115	-6860.4	
0	0	880.074	-6859.77	
0	0	882.034	-6859.13	
0	0	883.993	-6858.5	
0	0	885.952	-6857.86	
0	0	887.911	-6857.22	
0	0	889.87	-6856.57	
0	0	891.828	-6855.93	
0	0	893.786	-6855.29	
0	0	895.745	-6854.64	
0	0	897.703	-6853.99	
0	0	899.66	-6853.34	
0	0	901.618	-6852.69	
0	0	903.575	-6852.04	
0	0	905.532	-6851.38	
0	0	907.489	-6850.73	
0	0	909.446	-6850.07	
0	0	911.403	-6849.41	
0	0	913.359	-6848.75	
0	0	915.315	-6848.09	
0	0	917.271	-6847.43	
0	0	919.227	-6846.77	
0	0	921.183	-6846.1	
0	0	923.138	-6845.44	
0	0	925.094	-6844.77	
0	0	927.049	-6844.1	
0	0	929.004	-6843.43	
0	0	930.958	-6842.76	
0	0	932.913	-6842.08	
0	0	934.867	-6841.41	
0	0	936.821	-6840.73	
0	0	938.775	-6840.05	
0	0	940.729	-6839.37	
0	0	942.682	-6838.69	
0	0	944.635	-6838.01	
0	0	946.588	-6837.32	
0	0	948.541	-6836.64	
0	0	950.494	-6835.95	
0	0	952.446	-6835.26	
0	0	954.399	-6834.57	
0	0	956.351	-6833.88	
0	0	958.302	-6833.19	
0	0	960.254	-6832.49	
0	0	962.206	-6831.8	
0	0	964.157	-6831.1	
0	0	966.108	-6830.4	
0	0	968.059	-6829.7	
0	0	970.009	-6829	
0	0	971.96	-6828.3	
0	0	973.91	-6827.59	
0	0	975.86	-6826.89	
0	0	977.81	-6826.18	
0	0	979.759	-6825.47	
0	0	981.709	-6824.76	
0	0	983.658	-6824.05	
0	0	985.607	-6823.33	
0	0	987.555	-6822.62	
0	0	989.504	-6821.9	
0	0	991.452	-6821.19	
0	0	993.4	-6820.47	
0	0	995.348	-6819.75	
0	0	997.296	-6819.02	
0	0	999.243	-6818.3	
0	0	1001.19	-6817.57	
0	0	1003.14	-6816.85	
0	0	1005.08	-6816.12	
0	0	1007.03	-6815.39	
0	0	1008.98	-6814.66	
0	0	1010.92	-6813.93	
0	0	1012.87	-6813.19	
0	0	1014.82	-6812.46	
0	0	1016.76	-6811.72	
0	0	1018.71	-6810.98	
0	0	1020.65	-6810.24	
0	0	1022.6	-6809.5	
0	0	1024.54	-6808.76	
0	0	1026.49	-6808.02	
0	0	1028.43	-6807.27	
0	0	1030.37	-6806.52	
0	0	1032.32	-6805.77	
0	0	1034.26	-6805.02	
0	0	1036.2	-6804.27	
0	0	1038.15	-6803.52	
0	0	1040.09	-6802.77	
0	0	1042.03	-6802.01	
0	0	1043.98	-6801.25	
0	0	1045.92	-6800.49	
0	0	1047.86	-6799.73	
0	0	1049.8	-6798.97	
0	0	1051.74	-6798.21	
0	0	1053.68	-6797.45	
0	0	1055.63	-6796.68	
0	0	1057.57	-6795.91	
0	0	1059.51	-6795.14	
0	0	1061.45	-6794.37	
0	0	1063.39	-6793.6	
0	0	1065.33	-6792.83	
0	0	1067.27	-6792.06	
0	0	1069.21	-6791.28	
0	0	1071.15	-6790.5	
0	0	1073.09	-6789.72	
0	0	1075.02	-6788.94	
0	0	1076.96	-6788.16	
0	0	1078.9	-6787.38	
0	0	1080.84	-6786.59	
0	0	1082.78	-6785.81	
0	0	1084.71	-6785.02	
0	0	1086.65	-6784.23	
0	0	1088.59	-6783.44	
0	0	1090.53	-6782.65	
0	0	1092.46	-6781.85	
0	0	1094.4	-6781.06	
0	0	1096.34	-6780.26	
0	0	1098.27	-6779.47	
0	0	1100.21	-6778.67	
0	0	1102.14	-6777.87	
0	0	1104.08	-6777.06	
0	0	1106.01	-6776.26	
0	0	1107.95	-6775.45	
0	0	1109.88	-6774.65	
0	0	1111.82	-6773.84	
0	0	1113.75	-6773.03	
0	0	1115.69	-6772.22	
0	0	1117.62	-6771.41	
0	0	1119.55	-6770.59	
0	0	1121.49	-6769.78	
0	0	1123.42	-6768.96	
0	0	1125.35	-6768.14	
0	0	1127.28	-6767.32	
0	0	1129.22	-6766.5	
0	0	1131.15	-6765.68	
0	0	1133.08	-6764.85	
0	0	1135.01	-6764.03	
0	0	1136.94	-6763.2	
0	0	1138.87	-6762.37	
0	0	1140.8	-6761.54	
0	0	1142.73	-6760.71	
0	0	1144.66	-6759.88	
0	0	1146.59	-6759.04	
0	0	1148.52	-6758.21	
0	0	1150.45	-6757.37	
0	0	1152.38	-6756.53	
0	0	1154.31	-6755.69	
0	0	1156.24	-6754.85	
0	0	1158.17	-6754	
0	0	1160.1	-6753.16	
0	0	1162.02	-6752.31	
0	0	1163.95	-6751.46	
0	0	1165.88	-6750.61	
0	0	1167.81	-6749.76	
0	0	1169.73	-6748.91	
0	0	1171.66	-6748.06	
0	0	1173.59	-6747.2	
0	0	1175.51	-6746.34	
0	0	1177.44	-6745.49	
0	0	1179.36	-6744.63	
0	0	1181.29	-6743.76	
0	0	1183.21	-6742.9	
0	0	1185.14	-6742.04	
0	0	1187.06	-6741.17	
0	0	1188.99	-6740.3	
0	0	1190.91	-6739.44	
0	0	1192.84	-6738.57	
0	0	1194.76	-6737.69	
0	0	1196.68	-6736.82	
0	0	1198.61	-6735.95	
0	0	1200.53	-6735.07	
0	0	1202.45	-6734.19	
0	0	1204.37	-6733.31	
0	0	1206.3	-6732.43	
0	0	1208.22	-6731.55	
0	0	1210.14	-6730.67	
0	0	1212.06	-6729.78	
0	0	1213.98	-6728.9	
0	0	1215.9	-6728.01	
0	0	1217.82	-6727.12	
0	0	1219.74	-6726.23	
0	0	1221.66	-6725.34	
0	0	1223.58	-6724.44	
0	0	1225.5	-6723.55	
0	0	1227.42	-6722.65	
0	0	1229.34	-6721.76	
0	0	1231.26	-6720.86	
0	0	1233.18	-6719.96	
0	0	1235.09	-6719.05	
0	0	1237.01	-6718.15	
0	0	1238.93	-6717.24	
0	0	1240.85	-6716.34	
0	0	1242.76	-6715.43	
0	0	1244.68	-6714.52	
0	0	1246.6	-6713.61	
0	0	1248.51	-6712.7	
0	0	1250.43	-6711.78	
0	0	1252.34	-6710.87	
0	0	1254.26	-6709.95	
0	0	1256.18	-6709.03	
0	0	1258.09	-6708.11	
0	0	1260	-6707.19	
0	0	1261.92	-6706.27	
0	0	1263.83	-6705.34	
0	0	1265.75	-6704.42	
0	0	1267.66	-6703.49	
0	0	1269.57	-6702.56	
0	0	1271.49	-6701.63	
0	0	1273.4	-6700.7	
0	0	1275.31	-6699.76	
0	0	1277.22	-6698.83	
0	0	1279.13	-6697.89	
0	0	1281.05	-6696.95	
0	0	1282.96	-6696.01	
0	0	1284.87	-6695.07	
0	0	1286.78	-6694.13	
0	0	1288.69	-6693.19	
0	0	1290.6	-6692.24	
0	0	1292.51	-6691.29	
0	0	1294.42	-6690.35	
0	0	1296.33	-6689.4	
0	0	1298.23	-6688.45	
0	0	1300.14	-6687.49	
0	0	1302.05	-6686.54	
0	0	1303.96	-6685.58	
0	0	1305.87	-6684.63	
0	0	1307.77	-6683.67	
0	0	1309.68	-6682.71	
0	0	1311.59	-6681.75	
0	0	1313.49	-6680.78	
0	0	1315.4	-6679.82	
0	0	1317.31	-6678.85	
0	0	1319.21	-6677.89	
0	0	1321.12	-6676.92	
0	0	1323.02	-6675.95	
0	0	1324.93	-6674.98	
0	0	1326.83	-6674	
0	0	1328.74	-6673.03	
0	0	1330.64	-6672.05	
0	0	1332.54	-6671.07	
0	0	1334.45	-6670.09	
0	0	1336.35	-6669.11	
0	0	1338.25	-6668.13	
0	0	1340.16	-6667.15	
0	0	1342.06	-6666.16	
0	0	1343.96	-6665.17	
0	0	1345.86	-6664.19	
0	0	1347.76	-6663.2	
0	0	1349.66	-6662.2	
0	0	1351.56	-6661.21	
0	0	1353.46	-6660.22	
0	0	1355.36	-6659.22	
0	0	1357.26	-6658.22	
0	0	1359.16	-6657.23	
0	0	1361.06	-6656.23	
0	0	1362.96	-6655.22	
0	0	1364.86	-6654.22	
0	0	1366.76	-6653.22	
0	0	1368.66	-6652.21	
0	0	1370.55	-6651.2	
0	0	1372.45	-6650.2	
0	0	1374.35	-6649.19	
0	0	1376.24	-6648.17	
0	0	1378.14	-6647.16	
0	0	1380.04	-6646.14	
0	0	1381.93	-6645.13	
0	0	1383.83	-6644.11	
0	0	1385.72	-6643.09	
0	0	1387.62	-6642.07	
0	0	1389.51	-6641.05	
0	0	1391.41	-6640.02	
0	0	1393.3	-6639	
0	0	1395.19	-6637.97	
0	0	1397.09	-6636.94	
0	0	1398.98	-6635.91	
0	0	1400.87	-6634.88	
0	0	1402.76	-6633.85	
0	0	1404.66	-6632.81	
0	0	1406.55	-6631.78	
0	0	1408.44	-6630.74	
0	0	1410.33	-6629.7	
0	0	1412.22	-6628.66	
0	0	1414.11	-6627.62	
0	0	1416	-6626.58	
0	0	1417.89	-6625.53	
0	0	1419.78	-6624.49	
0	0	1421.67	-6623.44	
0	0	1423.56	-6622.39	
0	0	1425.45	-6621.34	
0	0	1427.34	-6620.29	
0	0	1429.22	-6619.23	
0	0	1431.11	-6618.18	
0	0	1433	-6617.12	
0	0	1434.89	-6616.06	
0	0	1436.77	-6615	
0	0	1438.66	-6613.94	
0	0	1440.54	-6612.88	
0	0	1442.43	-6611.82	
0	0	1444.31	-6610.75	
0	0	1446.2	-6609.68	
0	0	1448.08	-6608.61	
0	0	1449.97	-6607.54	
0	0	1451.85	-6606.47	
0	0	1453.74	-6605.4	
0	0	1455.62	-6604.32	
0	0	1457.5	-6603.25	
0	0	1459.39	-6602.17	
0	0	1461.27	-6601.09	
0	0	1463.15	-6600.01	
0	0	1465.03	-6598.93	
0	0	1466.91	-6597.85	
0	0	1468.79	-6596.76	
0	0	1470.67	-6595.67	
0	0	1472.55	-6594.59	
0	0	1474.43	-6593.5	
0	0	1476.31	-6592.41	
0	0	1478.19	-6591.31	
0	0	1480.07	-6590.22	
0	0	1481.95	-6589.12	
0	0	1483.83	-6588.03	
0	0	1485.71	-6586.93	
0	0	1487.59	-6585.83	
0	0	1489.46	-6584.73	
0	0	1491.34	-6583.62	
0	0	1493.22	-6582.52	
0	0	1495.09	-6581.41	
0	0	1496.97	-6580.31	
0	0	1498.84	-6579.2	
0	0	1500.72	-6578.09	
0	0	1502.59	-6576.97	
0	0	1504.47	-6575.86	
0	0	1506.34	-6574.75	
0	0	1508.22	-6573.63	
0	0	1510.09	-6572.51	
0	0	1511.96	-6571.39	
0	0	1513.84	-6570.27	
0	0	1515.71	-6569.15	
0	0	1517.58	-6568.02	
0	0	1519.45	-6566.9	
0	0	1521.32	-6565.77	
0	0	1523.2	-6564.64	
0	0	1525.07	-6563.51	
0	0	1526.94	-6562.38	
0	0	1528.81	-6561.25	
0	0	1530.68	-6560.11	
0	0	1532.55	-6558.98	
0	0	1534.42	-6557.84	
0	-7000	0	0	
0	-7000	0	0	
0	-7000	0	-1.42857e-06	
0	-7000	0	-4.28571e-06	
0	-7000	0	-8.57143e-06	
0	-7000	0	-1.42857e-05	
0	-7000	0	-2.14286e-05	
0	-7000	0	-3e-05	
0	-7000	0	-4e-05	
0	-7000	0	-5.14286e-05	
0	-7000	0	-6.42857e-05	
0	-7000	0	-7.85714e-05	
0	-7000	0	-9.42857e-05	
0	-7000	0	-0.000111429	
0	-7000	0	-0.00013	
0	-7000	0	-0.00015	
0	-7000	0	-0.000171429	
0	-7000	0	-0.000194286	
0	-7000	0	-0.000218571	
0	-7000	0	-0.000244286	
0	-7000	0	-0.000271429	
0	-7000	0	-0.0003	
0	-7000	0	-0.00033	
0	-7000	0	-0.000361429	
0	-7000	0	-0.000394286	
0	-7000	0	-0.000428571	
0	-7000	0	-0.000464286	
0	-7000	0	-0.000501428	
0	-7000	0	-0.00054	
0	-7000	0	-0.00058	
0	-7000	0	-0.000621428	
0	-7000	0	-0.000664286	
0	-7000	0	-0.000708571	
0	-7000	0	-0.000754286	
0	-7000	0	-0.000801429	
0	-7000	0	-0.00085	
0	-7000	0	-0.0009	
0	-7000	0	-0.000951429	
0	-7000	0	-0.00100429	
0	-7000	0	-0.00105857	
0	-7000	0	-0.00111429	
0	-7000	0	-0.00117143	
0	-7000	0	-0.00123	
0	-7000	0	-0.00129	
0	-7000	0	-0.00135143	
0	-7000	0	-0.00141429	
0	-7000	0	-0.00147857	
0	-7000	0	-0.00154429	
0	-7000	0	-0.00161143	
0	-7000	0	-0.00168	
0	-7000	0	-0.00175	
0	-7000	0	-0.00182143	
0	-7000	0	-0.00189429	
0	-7000	0	-0.00196857	
0	-7000	0	-0.00204429	
0	-7000	0	-0.00212143	
0	-7000	0	-0.0022	
0	-7000	0	-0.00228	
0	-7000	0	-0.00236143	
0	-7000	0	-0.00244429	
0	-7000	0	-0.00252857	
0	-7000	0	-0.00261429	
0	-7000	0	-0.00270143	
0	-7000	0	-0.00279	
0	-7000	0	-0.00288	
0	-7000	0	-0.00297143	
0	-7000	0	-0.00306429	
0	-7000	0	-0.00315857	
0	-7000	0	-0.00325429	
0	-7000	0	-0.00335143	
0	-7000	0	-0.00345	
0	-7000	0	-0.00355	
0	-7000	0	-0.00365143	
0	-7000	0	-0.00375429	
0	-7000	0	-0.00385857	
0	-7000	0	-0.00396429	
0	-7000	0	-0.00407143	
0	-7000	0	-0.00418	
0	-7000	0	-0.00429	
0	-7000	0	-0.00440143	
0	-7000	0	-0.00451429	
0	-7000	0	-0.00462857	
0	-7000	0	-0.00474429	
0	-7000	0	-0.00486143	
0	-7000	0	-0.00498	
0	-7000	0	-0.0051	
0	-7000	0	-0.00522143	
0	-7000	0	-0.00534429	
0	-7000	0	-0.00546857	
0	-7000	0	-0.00559429	
0	-7000	0	-0.00572143	
0	-7000	0	-0.00585	
0	-7000	0	-0.00598	
0	-7000	0	-0.00611143	
0	-7000	0	-0.00624429	
0	-7000	0	-0.00637857	
0	-7000	0	-0.00651429	
0	-7000	0	-0.00665143	
0	-7000	0	-0.00679	
0	-7000	0	-0.00693	
0	-7000	0	-0.00707143	
0	-7000	0	-0.00721429	
0	-7000	0	-0.00735858	
0	-7000	0	-0.00750429	
0	-7000	0	-0.00765143	
0	-7000	0	-0.0078	
0	-7000	0	-0.00795	
0	-7000	0	-0.00810143	
0	-7000	0	-0.00825429	
0	-7000	0	-0.00840858	
0	-7000	0	-0.00856429	
0	-7000	0	-0.00872143	
0	-7000	0	-0.00888	
0	-7000	0	-0.00904	
0	-7000	0	-0.00920143	
0	-7000	0	-0.00936429	
0	-7000	0	-0.00952858	
0	-7000	0	-0.00969429	
0	-7000	0	-0.00986144	
0	-7000	0	-0.01003	
0	-7000	0	-0.0102	
0	-7000	0	-0.0103714	
0	-7000	0	-0.0105443	
0	-7000	0	-0.0107186	
0	-7000	0	-0.0108943	
0	-7000	0	-0.0110714	
0	-7000	0	-0.01125	
0	-7000	0	-0.01143	
0	-7000	0	-0.0116114	
0	-7000	0	-0.0117943	
0	-7000	0	-0.0119786	
0	-7000	0	-0.0121643	
0	-7000	0	-0.0123514	
0	-7000	0	-0.01254	
0	-7000	0	-0.01273	
0	-7000	0	-0.0129214	
0	-7000	0	-0.0131143	
0	-7000	0	-0.0133086	
0	-7000	0	-0.0135043	
0	-7000	0	-0.0137014	
0	-7000	0	-0.0139	
0	-7000	0	-0.0141	
0	-7000	0	-0.0143014	
0	-7000	0	-0.0145043	
0	-7000	0	-0.0147086	
0	-7000	0	-0.0149143	
0	-7000	0	-0.0151214	
0	-7000	0	-0.01533	
0	-7000	0	-0.01554	
0	-7000	0	-0.0157514	
0	-7000	0	-0.0159643	
0	-7000	0	-0.0161786	
0	-7000	0	-0.0163943	
0	-7000	0	-0.0166114	
0	-7000	0	-0.01683	
0	-7000	0	-0.01705	
0	-7000	0	-0.0172714	
0	-7000	0	-0.0174943	
0	-7000	0	-0.0177186	
0	-7000	0	-0.0179443	
0	-7000	0	-0.0181715	
0	-7000	0	-0.0184	
0	-7000	0	-0.01863	
0	-7000	0	-0.0188615	
0	-7000	0	-0.0190943	
0	-7000	0	-0.0193286	
0	-7000	0	-0.0195643	
0	-7000	0	-0.0198015	
0	-7000	0	-0.02004	
0	-7000	0	-0.02028	
0	-7000	0	-0.0205215	
0	-7000	0	-0.0207643	
0	-7000	0	-0.0210086	
0	-7000	0	-0.0212543	
0	-7000	0	-0.0215015	
0	-7000	0	-0.02175	
0	-7000	0	-0.022	
0	-7000	0	-0.0222515	
0	-7000	0	-0.0225043	
0	-7000	0	-0.0227586	
0	-7000	0	-0.0230143	
0	-7000	0	-0.0232715	
0	-7000	0	-0.02353	
0	-7000	0	-0.02379	
0	-7000	0	-0.0240515	
0	-7000	0	-0.0243143	
0	-7000	0	-0.0245786	
0	-7000	0	-0.0248443	
0	-7000	0	-0.0251115	
0	-7000	0	-0.02538	
0	-7000	0	-0.02565	
0	-7000	0	-0.0259215	
0	-7000	0	-0.0261943	
0	-7000	0	-0.0264686	
0	-7000	0	-0.0267443	
0	-7000	0	-0.0270215	
0	-7000	0	-0.0273001	
0	-7000	0	-0.0275801	
0	-7000	0	-0.0278615	
0	-7000	0	-0.0281443	
0	-7000	0	-0.0284286	
0	-7000	0	-0.0287143	
0	-7000	0	-0.0290015	
0	-7000	0	-0.0292901	
0	-7000	0	-0.0295801	
0	-7000	0	-0.0298715	
0	-7000	0	-0.0301643	
0	-7000	0	-0.0304586	
0	-7000	0	-0.0307543	
0	-7000	0	-0.0310515	
0	-7000	0	-0.0313501	
0	-7000	0	-0.0316501	
0	-7000	0	-0.0319515	
0	-7000	0	-0.0322543	
0	-7000	0	-0.0325586	
0	-7000	0	-0.0328644	
0	-7000	0	-0.0331715	
0	-7000	0	-0.0334801	
0	-7000	0	-0.0337901	
0	-7000	0	-0.0341015	
0	-7000	0	-0.0344144	
0	-7000	0	-0.0347286	
0	-7000	0	-0.0350444	
0	-7000	0	-0.0353615	
0	-7000	0	-0.0356801	
0	-7000	0	-0.0360001	
0	-7000	0	-0.0363215	
0	-7000	0	-0.0366444	
0	-7000	0	-0.0369687	
0	-7000	0	-0.0372944	
0	-7000	0	-0.0376215	
0	-7000	0	-0.0379501	
0	-7000	0	-0.0382801	
0	-7000	0	-0.0386115	
0	-7000	0	-0.0389444	
0	-7000	0	-0.0392787	
0	-7000	0	-0.0396144	
0	-7000	0	-0.0399515	
0	-7000	0	-0.0402901	
0	-7000	0	-0.0406301	
0	-7000	0	-0.0409715	
0	-7000	0	-0.0413144	
0	-7000	0	-0.0416587	
0	-7000	0	-0.0420044	
0	-7000	0	-0.0423515	
0	-7000	0	-0.0427001	
0	-7000	0	-0.0430501	
0	-7000	0	-0.0434015	
0	-7000	0	-0.0437544	
0	-7000	0	-0.0441087	
0	-7000	0	-0.0444644	
0	-7000	0	-0.0448216	
0	-7000	0	-0.0451801	
0	-7000	0	-0.0455401	
0	-7000	0	-0.0459016	
0	-7000	0	-0.0462644	
0	-7000	0	-0.0466287	
0	-7000	0	-0.0469944	
0	-7000	0	-0.0473616	
0	-7000	0	-0.0477301	
0	-7000	0	-0.0481001	
0	-7000	0	-0.0484716	
0	-7000	0	-0.0488444	
0	-7000	0	-0.0492187	
0	-7000	0	-0.0495944	
0	-7000	0	-0.0499716	
0	-7000	0	-0.0503502	
0	-7000	0	-0.0507302	
0	-7000	0	-0.0511116	
0	-7000	0	-0.0514945	
0	-7000	0	-0.0518787	
0	-7000	0	-0.0522645	
0	-7000	0	-0.0526516	
0	-7000	0	-0.0530402	
0	-7000	0	-0.0534302	
0	-7000	0	-0.0538216	
0	-7000	0	-0.0542145	
0	-7000	0	-0.0546088	
0	-7000	0	-0.0550045	
0	-7000	0	-0.0554016	
0	-7000	0	-0.0558002	
0	-7000	0	-0.0562002	
0	-7000	0	-0.0566016	
0	-7000	0	-0.0570045	
0	-7000	0	-0.0574088	
0	-7000	0	-0.0578145	
0	-7000	0	-0.0582216	
0	-7000	0	-0.0586302	
0	-7000	0	-0.0590402	
0	-7000	0	-0.0594516	
0	-7000	0	-0.0598645	
0	-7000	0	-0.0602788	
0	-7000	0	-0.0606945	
0	-7000	0	-0.0611117	
0	-7000	0	-0.0615302	
0	-7000	0	-0.0619502	
0	-7000	0	-0.0623717	
0	-7000	0	-0.0627945	
0	-7000	0	-0.0632188	
0	-7000	0	-0.0636445	
0	-7000	0	-0.0640717	
0	-7000	0	-0.0645002	
0	-7000	0	-0.0649303	
0	-7000	0	-0.0653617	
0	-7000	0	-0.0657945	
0	-7000	0	-0.0662288	
0	-7000	0	-0.0666646	
0	-7000	0	-0.0671017	
0	-7000	0	-0.0675403	
0	-7000	0	-0.0679803	
0	-7000	0	-0.0684217	
0	-7000	0	-0.0688646	
0	-7000	0	-0.0693089	
0	-7000	0	-0.0697546	
0	-7000	0	-0.0702017	
0	-7000	0	-0.0706503	
0	-7000	0	-0.0711003	
0	-7000	0	-0.0715517	
0	-7000	0	-0.0720046	
0	-7000	0	-0.0724589	
0	-7000	0	-0.0729146	
0	-7000	0	-0.0733717	
0	-7000	0	-0.0738303	
0	-7000	0	-0.0742903	
0	-7000	0	-0.0747517	
0	-7000	0	-0.0752146	
0	-7000	0	-0.0756789	
0	-7000	0	-0.0761446	
0	-7000	0	-0.0766118	
0	-7000	0	-0.0770803	
0	-7000	0	-0.0775503	
0	-7000	0	-0.0780218	
0	-7000	0	-0.0784946	
0	-7000	0	-0.0789689	
0	-7000	0	-0.0794446	
0	-7000	0	-0.0799218	
0	-7000	0	-0.0804004	
0	-7000	0	-0.0808804	
0	-7000	0	-0.0813618	
0	-7000	0	-0.0818447	
0	-7000	0	-0.082329	
0	-7000	0	-0.0828147	
0	-7000	0	-0.0833018	
0	-7000	0	-0.0837904	
0	-7000	0	-0.0842804	
0	-7000	0	-0.0847718	
0	-7000	0	-0.0852647	
0	-7000	0	-0.085759	
0	-7000	0	-0.0862547	
0	-7000	0	-0.0867518	
0	-7000	0	-0.0872504	
0	-7000	0	-0.0877504	
0	-7000	0	-0.0882519	
0	-7000	0	-0.0887547	
0	-7000	0	-0.089259	
0	-7000	0	-0.0897647	
0	-7000	0	-0.0902719	
0	-7000	0	-0.0907804	
0	-7000	0	-0.0912905	
0	-7000	0	-0.0918019	
0	-7000	0	-0.0923147	
0	-7000	0	-0.092829	
0	-7000	0	-0.0933448	
0	-7000	0	-0.0938619	
0	-7000	0	-0.0943805	
0	-7000	0	-0.0949005	
0	-7000	0	-0.0954219	
0	-7000	0	-0.0959448	
0	-7000	0	-0.0964691	
0	-7000	0	-0.0969948	
0	-7000	0	-0.0975219	
0	-7000	0	-0.0980505	
0	-7000	0	-0.0985805	
0	-7000	0	-0.0991119	
0	-7000	0	-0.0996448	
0	-7000	0	-0.100179	
0	-7000	0	-0.100715	
0	-7000	0	-0.101252	
0	-7000	0	-0.101791	
0	-7000	0	-0.102331	
0	-7000	0	-0.102872	
0	-7000	0	-0.103415	
0	-7000	0	-0.103959	
0	-7000	0	-0.104505	
0	-7000	0	-0.105052	
0	-7000	0	-0.105601	
0	-7000	0	-0.106151	
0	-7000	0	-0.106702	
0	-7000	0	-0.107255	
0	-7000	0	-0.107809	
0	-7000	0	-0.108365	
0	-7000	0	-0.108922	
0	-7000	0	-0.109481	
0	-7000	0	-0.110041	
0	-7000	0	-0.110602	
0	-7000	0	-0.111165	
0	-7000	0	-0.111729	
0	-7000	0	-0.112295	
0	-7000	0	-0.112862	
0	-7000	0	-0.113431	
0	-7000	0	-0.114001	
0	-7000	0	-0.114572	
0	-7000	0	-0.115145	
0	-7000	0	-0.115719	
0	-7000	0	-0.116295	
0	-7000	0	-0.116872	
0	-7000	0	-0.117451	
0	-7000	0	-0.118031	
0	-7000	0	-0.118612	
0	-7000	0	-0.119195	
0	-7000	0	-0.119779	
0	-7000	0	-0.120365	
0	-7000	0	-0.120952	
0	-7000	0	-0.121541	
0	-7000	0	-0.122131	
0	-7000	0	-0.122722	
0	-7000	0	-0.123315	
0	-7000	0	-0.123909	
0	-7000	0	-0.124505	
0	-7000	0	-0.125102	
0	-7000	0	-0.125701	
0	-7000	0	-0.126301	
0	-7000	0	-0.126902	
0	-7000	0	-0.127505	
0	-7000	0	-0.128109	
0	-7000	0	-0.128715	
0	-7000	0	-0.129322	
0	-7000	0	-0.129931	
0	-7000	0	-0.130541	
0	-7000	0	-0.131152	
0	-7000	0	-0.131765	
0	-7000	0	-0.132379	
0	-7000	0	-0.132995	
0	-7000	0	-0.133612	
0	-7000	0	-0.134231	
0	-7000	0	-0.134851	
0	-7000	0	-0.135472	
0	-7000	0	-0.136095	
0	-7000	0	-0.136719	
0	-7000	0	-0.137345	
0	-7000	0	-0.137972	
0	-7000	0	-0.138601	
0	-7000	0	-0.139231	
0	-7000	0	-0.139862	
0	-7000	0	-0.140495	
0	-7000	0	-0.141129	
0	-7000	0	-0.141765	
0	-7000	0	-0.142402	
0	-7000	0	-0.143041	
0	-7000	0	-0.143681	
0	-7000	0	-0.144322	
0	-7000	0	-0.144965	
0	-7000	0	-0.14561	
0	-7000	0	-0.146255	
0	-7000	0	-0.146902	
0	-7000	0	-0.147551	
0	-7000	0	-0.148201	
0	-7000	0	-0.148852	
0	-7000	0	-0.149505	
0	-7000	0	-0.15016	
0	-7000	0	-0.150815	
0	-7000	0	-0.151472	
0	-7000	0	-0.152131	
0	-7000	0	-0.152791	
0	-7000	0	-0.153452	
0	-7000	0	-0.154115	
0	-7000	0	-0.15478	
0	-7000	0	-0.155445	
0	-7000	0	-0.156113	
0	-7000	0	-0.156781	
0	-7000	0	-0.157451	
0	-7000	0	-0.158123	
0	-7000	0	-0.158795	
0	-7000	0	-0.15947	
0	-7000	0	-0.160145	
0	-7000	0	-0.160823	
0	-7000	0	-0.161501	
0	-7000	0	-0.162181	
0	-7000	0	-0.162863	
0	-7000	0	-0.163545	
0	-7000	0	-0.16423	
0	-7000	0	-0.164916	
0	-7000	0	-0.165603	
0	-7000	0	-0.166291	
0	-7000	0	-0.166981	
0	-7000	0	-0.167673	
0	-7000	0	-0.168366	
0	-7000	0	-0.16906	
0	-7000	0	-0.169756	
0	-7000	0	-0.170453	
0	-7000	0	-0.171151	
0	-7000	0	-0.171851	
0	-7000	0	-0.172553	
0	-7000	0	-0.173256	
0	-7000	0	-0.17396	
0	-7000	0	-0.174666	
0	-7000	0	-0.175373	
0	-7000	0	-0.176081	
0	-7000	0	-0.176791	
0	-7000	0	-0.177503	
0	-7000	0	-0.178216	
0	-7000	0	-0.17893	
0	-7000	0	-0.179646	
0	-7000	0	-0.180363	
0	-7000	0	-0.181081	
0	-7000	0	-0.181801	
0	-7000	0	-0.182523	
0	-7000	0	-0.183246	
0	-7000	0	-0.18397	
0	-7000	0	-0.184696	
0	-7000	0	-0.185423	
0	-7000	0	-0.186152	
0	-7000	0	-0.186882	
0	-7000	0	-0.187613	
0	-7000	0	-0.188346	
0	-7000	0	-0.18908	
0	-7000	0	-0.189816	
0	-7000	0	-0.190553	
0	-7000	0	-0.191292	
0	-7000	0	-0.192032	
0	-7000	0	-0.192773	
0	-7000	0	-0.193516	
0	-7000	0	-0.19426	
0	-7000	0	-0.195006	
0	-7000	0	-0.195753	
0	-7000	0	-0.196502	
0	-7000	0	-0.197252	
0	-7000	0	-0.198003	
0	-7000	0	-0.198756	
0	-7000	0	-0.19951	
0	-7000	0	-0.200266	
0	-7000	0	-0.201023	
0	-7000	0	-0.201782	
0	-7000	0	-0.202542	
0	-7000	0	-0.203303	
0	-7000	0	-0.204066	
0	-7000	0	-0.20483	
0	-7000	0	-0.205596	
0	-7000	0	-0.206363	
0	-7000	0	-0.207132	
0	-7000	0	-0.207902	
0	-7000	0	-0.208673	
0	-7000	0	-0.209446	
0	-7000	0	-0.210221	
0	-7000	0	-0.210996	
0	-7000	0	-0.211773	
0	-7000	0	-0.212552	
0	-7000	0	-0.213332	
0	-7000	0	-0.214114	
0	-7000	0	-0.214896	
0	-7000	0	-0.215681	
0	-7000	0	-0.216466	
0	-7000	0	-0.217254	
0	-7000	0	-0.218042	
0	-7000	0	-0.218832	
0	-7000	0	-0.219624	
0	-7000	0	-0.220416	
0	-7000	0	-0.221211	
0	-7000	0	-0.222007	
0	-7000	0	-0.222804	
0	-7000	0	-0.223602	
0	-7000	0	-0.224402	
0	-7000	0	-0.225204	
0	-7000	0	-0.226007	
0	-7000	0	-0.226811	
0	-7000	0	-0.227617	
0	-7000	0	-0.228424	
0	-7000	0	-0.229232	
0	-7000	0	-0.230042	
0	-7000	0	-0.230854	
0	-7000	0	-0.231667	
0	-7000	0	-0.232481	
0	-7000	0	-0.233297	
0	-7000	0	-0.234114	
0	-7000	0	-0.234933	
0	-7000	0	-0.235753	
0	-7000	0	-0.236574	
0	-7000	0	-0.237397	
0	-7000	0	-0.238221	
0	-7000	0	-0.239047	
0	-7000	0	-0.239874	
0	-7000	0	-0.240703	
0	-7000	0	-0.241533	
0	-7000	0	-0.242364	
0	-7000	0	-0.243197	
0	-7000	0	-0.244031	
0	-7000	0	-0.244867	
0	-7000	0	-0.245704	
0	-7000	0	-0.246543	
0	-7000	0	-0.247383	
0	-7000	0	-0.248224	
0	-7000	0	-0.249067	
0	-7000	0	-0.249911	
0	-7000	0	-0.250757	
0	-7000	0	-0.251604	
0	-7000	0	-0.252453	
0	-7000	0	-0.253303	
0	-7000	0	-0.254154	
0	-7000	0	-0.255007	
0	-7000	0	-0.255862	
0	-7000	0	-0.256717	
0	-7000	0	-0.257574	
0	-7000	0	-0.258433	
0	-7000	0	-0.259293	
0	-7000	0	-0.260155	
0	-7000	0	-0.261017	
0	-7000	0	-0.261882	
0	-7000	0	-0.262747	
0	-7000	0	-0.263615	
0	-7000	0	-0.264483	
0	-7000	0	-0.265353	
0	-7000	0	-0.266225	
0	-7000	0	-0.267098	
0	-7000	0	-0.267972	
0	-7000	0	-0.268848	
0	-7000	0	-0.269725	
0	-7000	0	-0.270603	
0	-7000	0	-0.271483	
0	-7000	0	-0.272365	
0	-7000	0	-0.273248	
0	-7000	0	-0.274132	
0	-7000	0	-0.275018	
0	-7000	0	-0.275905	
0	-7000	0	-0.276793	
0	-7000	0	-0.277683	
0	-7000	0	-0.278575	
0	-7000	0	-0.279468	
0	-7000	0	-0.280362	
0	-7000	0	-0.281258	
0	-7000	0	-0.282155	
0	-7000	0	-0.283054	
0	-7000	0	-0.283954	
0	-7000	0	-0.284855	
0	-7000	0	-0.285758	
0	-7000	0	-0.286662	
0	-7000	0	-0.287568	
0	-7000	0	-0.288475	
0	-7000	0	-0.289384	
0	-7000	0	-0.290294	
0	-7000	0	-0.291205	
0	-7000	0	-0.292118	
0	-7000	0	-0.293032	
0	-7000	0	-0.293948	
0	-7000	0	-0.294865	
0	-7000	0	-0.295784	
0	-7000	0	-0.296704	
0	-7000	0	-0.297625	
0	-7000	0	-0.298548	
0	-7000	0	-0.299473	
0	-7000	0	-0.300398	
0	-7000	0	-0.301326	
0	-7000	0	-0.302254	
0	-7000	0	-0.303184	
0	-7000	0	-0.304116	
0	-7000	0	-0.305049	
0	-7000	0	-0.305983	
0	-7000	0	-0.306919	
0	-7000	0	-0.307856	
0	-7000	0	-0.308794	
0	-7000	0	-0.309734	
0	-7000	0	-0.310676	
0	-7000	0	-0.311619	
0	-7000	0	-0.312563	
0	-7000	0	-0.313509	
0	-7000	0	-0.314456	
0	-7000	0	-0.315405	
0	-7000	0	-0.316355	
0	-7000	0	-0.317306	
0	-7000	0	-0.318259	
0	-7000	0	-0.319213	
0	-7000	0	-0.320169	
0	-7000	0	-0.321126	
0	-7000	0	-0.322085	
0	-7000	0	-0.323045	
0	-7000	0	-0.324006	
0	-7000	0	-0.324969	
0	-7000	0	-0.325933	
0	-7000	0	-0.326899	
0	-7000	0	-0.327866	
0	-7000	0	-0.328835	
0	-7000	0	-0.329805	
0	-7000	0	-0.330776	
0	-7000	0	-0.331749	
0	-7000	0	-0.332724	
0	-7000	0	-0.333699	
0	-7000	0	-0.334677	
0	-7000	0	-0.335655	
0	-7000	0	-0.336635	
0	-7000	0	-0.337617	
0	-7000	0	-0.3386	
0	-7000	0	-0.339584	
0	-7000	0	-0.34057	
0	-7000	0	-0.341557	
0	-7000	0	-0.342545	
0	-7000	0	-0.343535	
0	-7000	0	-0.344527	
0	-7000	0	-0.34552	
0	-7000	0	-0.346514	
0	-7000	0	-0.34751	
0	-7000	0	-0.348507	
0	-7000	0	-0.349506	
0	-7000	0	-0.350506	
0	-7000	0	-0.351507	
0	-7000	0	-0.35251	
0	-7000	0	-0.353514	
0	-7000	0	-0.35452	
0	-7000	0	-0.355527	
0	-7000	0	-0.356536	
0	-7000	0	-0.357546	
0	-7000	0	-0.358557	
0	-7000	0	-0.35957	
0	-7000	0	-0.360585	
0	-7000	0	-0.3616	
0	-7000	0	-0.362618	
0	-7000	0	-0.363636	
0	-7000	0	-0.364656	
0	-7000	0	-0.365678	
0	-7000	0	-0.366701	
0	-7000	0	-0.367725	
0	-7000	0	-0.368751	
0	-7000	0	-0.369778	
0	-7000	0	-0.370806	
0	-7000	0	-0.371836	
0	-7000	0	-0.372868	
0	-7000	0	-0.373901	
0	-7000	0	-0.374935	
0	-7000	0	-0.375971	
0	-7000	0	-0.377008	
0	-7000	0	-0.378047	
0	-7000	0	-0.379087	
0	-7000	0	-0.380128	
0	-7000	0	-0.381171	
0	-7000	0	-0.382215	
0	-7000	0	-0.383261	
0	-7000	0	-0.384308	
0	-7000	0	-0.385357	
0	-7000	0	-0.386407	
0	-7000	0	-0.387459	
0	-7000	0	-0.388511	
0	-7000	0	-0.389566	
0	-7000	0	-0.390621	
0	-7000	0	-0.391679	
0	-7000	0	-0.392737	
0	-7000	0	-0.393797	
0	-7000	0	-0.394859	
0	-7000	0	-0.395922	
0	-7000	0	-0.396986	
0	-7000	0	-0.398052	
0	-7000	0	-0.399119	
0	-7000	0	-0.400188	
0	-7000	0	-0.401258	
0	-7000	0	-0.402329	
0	-7000	0	-0.403402	
0	-7000	0	-0.404476	
0	-7000	0	-0.405552	
0	-7000	0	-0.406629	
0	-7000	0	-0.407708	
0	-7000	0	-0.408788	
0	-7000	0	-0.409869	
0	-7000	0	-0.410952	
0	-7000	0	-0.412037	
0	-7000	0	-0.413122	
0	-7000	0	-0.41421	
0	-7000	0	-0.415298	
0	-7000	0	-0.416388	
0	-7000	0	-0.41748	
0	-7000	0	-0.418573	
0	-7000	0	-0.419667	
0	-7000	0	-0.420763	
0	-7000	0	-0.42186	
0	-7000	0	-0.422959	
0	-7000	0	-0.424059	
0	-7000	0	-0.42516	
0	-7000	0	-0.426263	
0	-7000	0	-0.427367	
0	-7000	0	-0.428473	
0	-7000	0	-0.42958	
0	-7000	0	-0.430689	
0	-7000	0	-0.431799	
0	-7000	0	-0.43291	
0	-7000	0	-0.434023	
0	-7000	0	-0.435138	
0	-7000	0	-0.436253	
0	-7000	0	-0.437371	
0	-7000	0	-0.438489	
0	-7000	0	-0.439609	
0	-7000	0	-0.440731	
0	-7000	0	-0.441854	
0	-7000	0	-0.442978	
0	-7000	0	-0.444104	
0	-7000	0	-0.445231	
0	-7000	0	-0.44636	
0	-7000	0	-0.44749	
0	-7000	0	-0.448621	
0	-7000	0	-0.449754	
0	-7000	0	-0.450888	
0	-7000	0	-0.452024	
0	-7000	0	-0.453161	
0	-7000	0	-0.4543	
0	-7000	0	-0.45544	
0	-7000	0	-0.456581	
0	-7000	0	-0.457724	
0	-7000	0	-0.458869	
0	-7000	0	-0.460014	
0	-7000	0	-0.461162	
0	-7000	0	-0.46231	
0	-7000	0	-0.46346	
0	-7000	0	-0.464612	
0	-7000	0	-0.465765	
0	-7000	0	-0.466919	
0	-7000	0	-0.468075	
0	-7000	0	-0.469232	
0	-7000	0	-0.470391	
0	-7000	0	-0.471551	
0	-7000	0	-0.472712	
0	-7000	0	-0.473875	
0	-7000	0	-0.475039	
0	-7000	0	-0.476205	
0	-7000	0	-0.477372	
0	-7000	0	-0.478541	
0	-7000	0	-0.479711	
0	-7000	0	-0.480883	
0	-7000	0	-0.482056	
0	-7000	0	-0.48323	
0	-7000	0	-0.484406	
0	-7000	0	-0.485583	
0	-7000	0	-0.486761	
0	-7000	0	-0.487942	
0	-7000	0	-0.489123	
0	-7000	0	-0.490306	
0	-7000	0	-0.49149	
0	-7000	0	-0.492676	
0	-7000	0	-0.493863	
0	-7000	0	-0.495052	
0	-7000	0	-0.496242	
0	-7000	0	-0.497433	
0	-7000	0	-0.498626	
0	-7000	0	-0.499821	
0	-7000	0	-0.501016	
0	-7000	0	-0.502214	
0	-7000	0	-0.503412	
0	-7000	0	-0.504612	
0	-7000	0	-0.505814	
0	-7000	0	-0.507017	
0	-7000	0	-0.508221	
0	-7000	0	-0.509427	
0	-7000	0	-0.510634	
0	-7000	0	-0.511843	
0	-7000	0	-0.513053	
0	-7000	0	-0.514264	
0	-7000	0	-0.515477	
0	-7000	0	-0.516692	
0	-7000	0	-0.517907	
0	-7000	0	-0.519125	
0	-7000	0	-0.520343	
0	-7000	0	-0.521563	
0	-7000	0	-0.522785	
0	-7000	0	-0.524008	
0	-7000	0	-0.525232	
0	-7000	0	-0.526458	
0	-7000	0	-0.527685	
0	-7000	0	-0.528914	
0	-7000	0	-0.530144	
0	-7000	0	-0.531375	
0	-7000	0	-0.532608	
0	-7000	0	-0.533842	
0	-7000	0	-0.535078	
0	-7000	0	-0.536315	
0	-7000	0	-0.537554	
0	-7000	0	-0.538794	
0	-7000	0	-0.540036	
0	-7000	0	-0.541279	
0	-7000	0	-0.542523	
0	-7000	0	-0.543769	
0	-7000	0	-0.545016	
0	-7000	0	-0.546265	
0	-7000	0	-0.547515	
0	-7000	0	-0.548766	
0	-7000	0	-0.550019	
0	-7000	0	-0.551274	
0	-7000	0	-0.552529	
0	-7000	0	-0.553787	
0	-7000	0	-0.555045	
0	-7000	0	-0.556305	
0	-7000	0	-0.557567	
0	-7000	0	-0.55883	
0	-7000	0	-0.560094	
0	-7000	0	-0.56136	
0	-7000	0	-0.562627	
0	-7000	0	-0.563896	
0	-7000	0	-0.565166	
0	-7000	0	-0.566437	
0	-7000	0	-0.56771	
0	-7000	0	-0.568984	
0	-7000	0	-0.57026	
0	-7000	0	-0.571537	
0	-7000	0	-0.572816	
0	-7000	0	-0.574096	
0	-7000	0	-0.575378	
0	-7000	0	-0.576661	
0	-7000	0	-0.577945	
0	-7000	0	-0.579231	
0	-7000	0	-0.580518	
0	-7000	0	-0.581807	
0	-7000	0	-0.583097	
0	-7000	0	-0.584388	
0	-7000	0	-0.585681	
0	-7000	0	-0.586975	
0	-7000	0	-0.588271	
0	-7000	0	-0.589568	
0	-7000	0	-0.590867	
0	-7000	0	-0.592167	
0	-7000	0	-0.593469	
0	-7000	0	-0.594772	
0	-7000	0	-0.596076	
0	-7000	0	-0.597382	
0	-7000	0	-0.598689	
0	-7000	0	-0.599998	
0	-7000	0	-0.601308	
0	-7000	0	-0.602619	
0	-7000	0	-0.603932	
0	-7000	0	-0.605247	
0	-7000	0	-0.606562	
0	-7000	0	-0.60788	
0	-7000	0	-0.609198	
0	-7000	0	-0.610518	
0	-7000	0	-0.61184	
0	-7000	0	-0.613163	
0	-7000	0	-0.614487	
0	-7000	0	-0.615813	
0	-7000	0	-0.61714	
0	-7000	0	-0.618469	
0	-7000	0	-0.619799	
0	-7000	0	-0.62113	
0	-7000	0	-0.622463	
0	-7000	0	-0.623798	
0	-7000	0	-0.625133	
0	-7000	0	-0.626471	
0	-7000	0	-0.627809	
0	-7000	0	-0.629149	
0	-7000	0	-0.630491	
0	-7000	0	-0.631834	
0	-7000	0	-0.633178	
0	-7000	0	-0.634524	
0	-7000	0	-0.635871	
0	-7000	0	-0.63722	
0	-7000	0	-0.63857	
0	-7000	0	-0.639922	
0	-7000	0	-0.641275	
0	-7000	0	-0.642629	
0	-7000	0	-0.643985	
0	-7000	0	-0.645342	
0	-7000	0	-0.646701	
0	-7000	0	-0.648061	
0	-7000	0	-0.649422	
0	-7000	0	-0.650785	
0	-7000	0	-0.652149	
0	-7000	0	-0.653515	
0	-7000	0	-0.654882	
0	-7000	0	-0.656251	
0	-7000	0	-0.657621	
0	-7000	0	-0.658993	
0	-7000	0	-0.660366	
0	-7000	0	-0.66174	
0	-7000	0	-0.663116	
0	-7000	0	-0.664493	
0	-7000	0	-0.665872	
0	-7000	0	-0.667252	
0	-7000	0	-0.668633	
0	-7000	0	-0.670016	
0	-7000	0	-0.671401	
0	-7000	0	-0.672786	
0	-7000	0	-0.674174	
0	-7000	0	-0.675562	
0	-7000	0	-0.676952	
0	-7000	0	-0.678344	
0	-7000	0	-0.679737	
0	-7000	0	-0.681131	
0	-7000	0	-0.682527	
0	-7000	0	-0.683924	
0	-7000	0	-0.685323	
0	-7000	0	-0.686723	
0	-7000	0	-0.688125	
0	-7000	0	-0.689528	
0	-7000	0	-0.690932	
0	-7000	0	-0.692338	
0	-7000	0	-0.693745	
0	-7000	0	-0.695154	
0	-7000	0	-0.696564	
0	-7000	0	-0.697975	
0	-7000	0	-0.699388	
0	-7000	0	-0.700803	
0	-7000	0	-0.702218	
0	-7000	0	-0.703636	
0	-7000	0	-0.705054	
0	-7000	0	-0.706474	
0	-7000	0	-0.707896	
0	-7000	0	-0.709319	
0	-7000	0	-0.710743	
0	-7000	0	-0.712169	
0	-7000	0	-0.713596	
0	-7000	0	-0.715025	
0	-7000	0	-0.716455	
0	-7000	0	-0.717887	
0	-7000	0	-0.71932	
0	-7000	0	-0.720754	
0	-7000	0	-0.72219	
0	-7000	0	-0.723627	
0	-7000	0	-0.725066	
0	-7000	0	-0.726506	
0	-7000	0	-0.727947	
0	-7000	0	-0.72939	
0	-7000	0	-0.730835	
0	-7000	0	-0.73228	
0	-7000	0	-0.733728	
0	-7000	0	-0.735176	
0	-7000	0	-0.736627	
0	-7000	0	-0.738078	
0	-7000	0	-0.739531	
0	-7000	0	-0.740986	
0	-7000	0	-0.742441	
0	-7000	0	-0.743899	
0	-7000	0	-0.745357	
0	-7000	0	-0.746817	
0	-7000	0	-0.748279	
0	-7000	0	-0.749742	
0	-7000	0	-0.751206	
0	-7000	0	-0.752672	
0	-7000	0	-0.754139	
0	-7000	0	-0.755608	
0	-7000	0	-0.757078	
0	-7000	0	-0.75855	
0	-7000	0	-0.760023	
0	-7000	0	-0.761497	
0	-7000	0	-0.762973	
0	-7000	0	-0.76445	
0	-7000	0	-0.765929	
0	-7000	0	-0.767409	
0	-7000	0	-0.76889	
0	-7000	0	-0.770373	
0	-7000	0	-0.771858	
0	-7000	0	-0.773344	
0	-7000	0	-0.774831	
0	-7000	0	-0.776319	
0	-7000	0	-0.77781	
0	-7000	0	-0.779301	
0	-7000	0	-0.780794	
0	-7000	0	-0.782288	
0	-7000	0	-0.783784	
0	-7000	0	-0.785282	
0	-7000	0	-0.78678	
0	-7000	0	-0.78828	
0	-7000	0	-0.789782	
0	-7000	0	-0.791285	
0	-7000	0	-0.792789	
0	-7000	0	-0.794295	
0	-7000	0	-0.795803	
0	-7000	0	-0.797311	
0	-7000	0	-0.798821	
0	-7000	0	-0.800333	
0	-7000	0	-0.801846	
0	-7000	0	-0.80336	
0	-7000	0	-0.804876	
0	-7000	0	-0.806393	
0	-7000	0	-0.807912	
0	-7000	0	-0.809432	
0	-7000	0	-0.810954	
0	-7000	0	-0.812477	
0	-7000	0	-0.814001	
0	-7000	0	-0.815527	
0	-7000	0	-0.817054	
0	-7000	0	-0.818583	
0	-7000	0	-0.820113	
0	-7000	0	-0.821644	
0	-7000	0	-0.823177	
0	-7000	0	-0.824712	
0	-7000	0	-0.826248	
0	-7000	0	-0.827785	
0	-7000	0	-0.829324	
0	-7000	0	-0.830864	
0	-7000	0	-0.832405	
0	-7000	0	-0.833948	
0	-7000	0	-0.835493	
0	-7000	0	-0.837039	
0	-7000	0	-0.838586	
0	-7000	0	-0.840135	
0	-7000	0	-0.841685	
0	-7000	0	-0.843236	
0	-7000	0	-0.844789	
0	-7000	0	-0.846344	
0	-7000	0	-0.847899	
0	-7000	0	-0.849457	
0	-7000	0	-0.851016	
0	-7000	0	-0.852576	
0	-7000	0	-0.854137	
0	-7000	0	-0.8557	
0	-7000	0	-0.857265	
0	-7000	0	-0.858831	
0	-7000	0	-0.860398	
0	-7000	0	-0.861966	
0	-7000	0	-0.863537	
0	-7000	0	-0.865108	
0	-7000	0	-0.866681	
0	-7000	0	-0.868255	
0	-7000	0	-0.869831	
0	-7000	0	-0.871409	
0	-7000	0	-0.872987	
0	-7000	0	-0.874567	
0	-7000	0	-0.876149	
0	-7000	0	-0.877732	
0	-7000	0	-0.879316	
0	-7000	0	-0.880902	
0	-7000	0	-0.882489	
0	-7000	0	-0.884078	
0	-7000	0	-0.885668	
0	-7000	0	-0.88726	
0	-7000	0	-0.888853	
0	-7000	0	-0.890447	
0	-7000	0	-0.892043	
0	-7000	0	-0.89364	
0	-7000	0	-0.895239	
0	-7000	0	-0.896839	
0	-7000	0	-0.898441	
0	-7000	0	-0.900044	
0	-7000	0	-0.901648	
0	-7000	0	-0.903254	
0	-7000	0	-0.904861	
0	-7000	0	-0.90647	
0	-7000	0	-0.90808	
0	-7000	0	-0.909692	
0	-7000	0	-0.911305	
0	-7000	0	-0.912919	
0	-7000	0	-0.914535	
0	-7000	0	-0.916153	
0	-7000	0	-0.917771	
0	-7000	0	-0.919391	
0	-7000	0	-0.921013	
0	-7000	0	-0.922636	
0	-7000	0	-0.92426	
0	-7000	0	-0.925886	
0	-7000	0	-0.927513	
0	-7000	0	-0.929142	
0	-7000	0	-0.930772	
0	-7000	0	-0.932404	
0	-7000	0	-0.934037	
0	-7000	0	-0.935671	
0	-7000	0	-0.937307	
0	-7000	0	-0.938944	
0	-7000	0	-0.940583	
0	-7000	0	-0.942223	
0	-7000	0	-0.943865	
0	-7000	0	-0.945508	
0	-7000	0	-0.947152	
0	-7000	0	-0.948798	
0	-7000	0	-0.950445	
0	-7000	0	-0.952094	
0	-7000	0	-0.953744	
0	-7000	0	-0.955396	
0	-7000	0	-0.957049	
0	-7000	0	-0.958703	
0	-7000	0	-0.960359	
0	-7000	0	-0.962017	
0	-7000	0	-0.963675	
0	-7000	0	-0.965335	
0	-7000	0	-0.966997	
0	-7000	0	-0.96866	
0	-7000	0	-0.970325	
0	-7000	0	-0.97199	
0	-7000	0	-0.973658	
0	-7000	0	-0.975326	
0	-7000	0	-0.976997	
0	-7000	0	-0.978668	
0	-7000	0	-0.980341	
0	-7000	0	-0.982016	
0	-7000	0	-0.983692	
0	-7000	0	-0.985369	
0	-7000	0	-0.987048	
0	-7000	0	-0.988728	
0	-7000	0	-0.990409	
0	-7000	0	-0.992092	
0	-7000	0	-0.993777	
0	-7000	0	-0.995463	
0	-7000	0	-0.99715	
0	-7000	0	-0.998839	
0	-7000	0	-1.00053	
0	-7000	0	-1.00222	
0	-7000	0	-1.00391	
0	-7000	0	-1.00561	
0	-7000	0	-1.0073	
0	-7000	0	-1.009	
0	-7000	0	-1.0107	
0	-7000	0	-1.0124	
0	-7000	0	-1.0141	
0	-7000	0	-1.0158	
0	-7000	0	-1.01751	
0	-7000	0	-1.01921	
0	-7000	0	-1.02092	
0	-7000	0	-1.02263	
0	-7000	0	-1.02434	
0	-7000	0	-1.02605	
0	-7000	0	-1.02777	
0	-7000	0	-1.02948	
0	-7000	0	-1.0312	
0	-7000	0	-1.03291	
0	-7000	0	-1.03463	
0	-7000	0	-1.03635	
0	-7000	0	-1.03807	
0	-7000	0	-1.0398	
0	-7000	0	-1.04152	
0	-7000	0	-1.04325	
0	-7000	0	-1.04497	
0	-7000	0	-1.0467	
0	-7000	0	-1.04843	
0	-7000	0	-1.05017	
0	-7000	0	-1.0519	
0	-7000	0	-1.05363	
0	-7000	0	-1.05537	
0	-7000	0	-1.05711	
0	-7000	0	-1.05885	
0	-7000	0	-1.06059	
0	-7000	0	-1.06233	
0	-7000	0	-1.06407	
0	-7000	0	-1.06581	
0	-7000	0	-1.06756	
0	-7000	0	-1.06931	
0	-7000	0	-1.07106	
0	-7000	0	-1.07281	
0	-7000	0	-1.07456	
0	-7000	0	-1.07631	
0	-7000	0	-1.07807	
0	-7000	0	-1.07982	
0	-7000	0	-1.08158	
0	-7000	0	-1.08334	
0	-7000	0	-1.0851	
0	-7000	0	-1.08686	
0	-7000	0	-1.08862	
0	-7000	0	-1.09039	
0	-7000	0	-1.09215	
0	-7000	0	-1.09392	
0	-7000	0	-1.09569	
0	-7000	0	-1.09746	
0	-7000	0	-1.09923	
0	-7000	0	-1.101	
0	-7000	0	-1.10278	
0	-7000	0	-1.10455	
0	-7000	0	-1.10633	
0	-7000	0	-1.10811	
0	-7000	0	-1.10989	
0	-7000	0	-1.11167	
0	-7000	0	-1.11346	
0	-7000	0	-1.11524	
0	-7000	0	-1.11703	
0	-7000	0	-1.11881	
0	-7000	0	-1.1206	
0	-7000	0	-1.12239	
0	-7000	0	-1.12418	
0	-7000	0	-1.12598	
0	-7000	0	-1.12777	
0	-7000	0	-1.12957	
0	-7000	0	-1.13136	
0	-7000	0	-1.13316	
0	-7000	0	-1.13496	
0	-7000	0	-1.13676	
0	-7000	0	-1.13857	
0	-7000	0	-1.14037	
0	-7000	0	-1.14218	
0	-7000	0	-1.14399	
0	-7000	0	-1.14579	
0	-7000	0	-1.1476	
0	-7000	0	-1.14942	
0	-7000	0	-1.15123	
0	-7000	0	-1.15304	
0	-7000	0	-1.15486	
0	-7000	0	-1.15668	
0	-7000	0	-1.1585	
0	-7000	0	-1.16032	
0	-7000	0	-1.16214	
0	-7000	0	-1.16396	
0	-7000	0	-1.16578	
0	-7000	0	-1.16761	
0	-7000	0	-1.16944	
0	-7000	0	-1.17127	
0	-7000	0	-1.1731	
0	-7000	0	-1.17493	
0	-7000	0	-1.17676	
0	-7000	0	-1.1786	
0	-7000	0	-1.18043	
0	-7000	0	-1.18227	
0	-7000	0	-1.18411	
0	-7000	0	-1.18595	
0	-7000	0	-1.18779	
0	-7000	0	-1.18963	
0	-7000	0	-1.19148	
0	-7000	0	-1.19332	
0	-7000	0	-1.19517	
0	-7000	0	-1.19702	
0	-7000	0	-1.19887	
0	-7000	0	-1.20072	
0	-7000	0	-1.20258	
0	-7000	0	-1.20443	
0	-7000	0	-1.20629	
0	-7000	0	-1.20814	
0	-7000	0	-1.21	
0	-7000	0	-1.21186	
0	-7000	0	-1.21372	
0	-7000	0	-1.21559	
0	-7000	0	-1.21745	
0	-7000	0	-1.21932	
0	-7000	0	-1.22118	
0	-7000	0	-1.22305	
0	-7000	0	-1.22492	
0	-7000	0	-1.2268	
0	-7000	0	-1.22867	
0	-7000	0	-1.23054	
0	-7000	0	-1.23242	
0	-7000	0	-1.2343	
0	-7000	0	-1.23618	
0	-7000	0	-1.23806	
0	-7000	0	-1.23994	
0	-7000	0	-1.24182	
0	-7000	0	-1.2437	
0	-7000	0	-1.24559	
0	-7000	0	-1.24748	
0	-7000	0	-1.24937	
0	-7000	0	-1.25126	
0	-7000	0	-1.25315	
0	-7000	0	-1.25504	
0	-7000	0	-1.25694	
0	-7000	0	-1.25883	
0	-7000	0	-1.26073	
0	-7000	0	-1.26263	
0	-7000	0	-1.26453	
0	-7000	0	-1.26643	
0	-7000	0	-1.26833	
0	-7000	0	-1.27024	
0	-7000	0	-1.27214	
0	-7000	0	-1.27405	
0	-7000	0	-1.27596	
0	-7000	0	-1.27787	
0	-7000	0	-1.27978	
0	-7000	0	-1.28169	
0	-7000	0	-1.28361	
0	-7000	0	-1.28552	
0	-7000	0	-1.28744	
0	-7000	0	-1.28936	
0	-7000	0	-1.29128	
0	-7000	0	-1.2932	
0	-7000	0	-1.29513	
0	-7000	0	-1.29705	
0	-7000	0	-1.29898	
0	-7000	0	-1.3009	
0	-7000	0	-1.30283	
0	-7000	0	-1.30476	
0	-7000	0	-1.30669	
0	-7000	0	-1.30863	
0	-7000	0	-1.31056	
0	-7000	0	-1.3125	
0	-7000	0	-1.31444	
0	-7000	0	-1.31637	
0	-7000	0	-1.31831	
0	-7000	0	-1.32026	
0	-7000	0	-1.3222	
0	-7000	0	-1.32414	
0	-7000	0	-1.32609	
0	-7000	0	-1.32804	
0	-7000	0	-1.32999	
0	-7000	0	-1.33194	
0	-7000	0	-1.33389	

